bands
7	10098.1	355.6	545.5	2.807	0	0	0	0	0
7	10118.2	383.8	600.4	2.807	0	0	0	0	0
1	11179.5	1760.5	0	0	0	0	0	0	0
1	12802.5	1216.0	0	0	0	0	0	0	0
1	11186.3	1514.0	0	0	0	0	0	0	0
1	13620.7	2522.9	0	0	0	0	0	0	0
1	17945.6	2005.7	0	0	0	0	0	0	0
1	22484.8	1667.6	0	0	0	0	0	0	0
1	25368.1	1733.5	0	0	0	0	0	0	0
1	27033.9	867.9	0	0	0	0	0	0	0
end

amps
-699.6	-900.2	-756.3	-596.2	-493.5	-637.7	-522.3	-397.9	-353.5	-457.4	-371.4	-276.7	-213.2	-276.5	-220.8	-163.2
699.6	900.2	756.3	596.2	493.5	637.7	522.3	397.9	353.5	457.4	371.4	276.7	213.2	276.5	220.8	163.2
-175.4	-197.8	-188.5	-174.5	-122.7	-140.6	-132.8	-122.2	-87.7	-99.7	-95.9	-87.6	-52.6	-60.2	-57.2	-53.3
175.4	197.8	188.5	174.5	122.7	140.6	132.8	122.2	87.7	99.7	95.9	87.6	52.6	60.2	57.2	53.3
1.0	152.3	456.4	623.7	1.0	119.3	369.2	501.1	1.0	89.0	283.2	384.0	1.0	55.0	178.0	242.6
271.4	356.3	237.8	127.3	192.3	252.2	155.9	71.2	138.3	182.0	107.2	44.4	83.2	109.4	63.6	23.2
16.9	30.1	22.5	13.3	12.4	21.5	14.8	6.2	8.9	15.5	9.1	2.2	5.3	9.4	5.4	1.0
1.0	13.1	21.9	31.4	1.0	11.3	20.7	29.3	1.0	9.3	17.1	26.3	1.0	5.8	11.7	19.6
-275.5	-401.9	-413.9	-367.1	-200.8	-290.6	-292.5	-245.9	-147.5	-209.5	-206.9	-156.3	-87.4	-127.5	-120.2	-66.8
140.3	343.8	544.1	682.8	99.5	263.1	449.7	566.1	71.2	197.0	353.3	465.7	37.3	120.0	227.4	340.4
end


constraints
0 -= 1
2 -= 3
end